149
211
115
73
45
21
177
16
79
200
30
76
118
24
64
36
23
6
22
173
13
181
143
201
205
183
122
89
180
61
91
93
38
27
209
214
130
141
7
9
132
193
40
43
151
35
126
137
97
116
2
57
15
86
203
70
104
136
26
54
189
140
131
191
188
4
1
165
49
178
142
90
82
37
197
190
95
216
213
28
210
58
166
215
120
33
153
51
67
109
182
158
195
110
111
78
32
42
171
157
170
167
196
11
103
84
44
5
47
52
39
66
155
55
199
14
172
87
202
152
80
129
169
81
128
41
46
113
124
29
53
176
96
8
185
68
112
135
208
217
107
119
133
62
144
18
20
207
147
71
10
125
154
127
34
179
212
19
123
48
65
114
148
72
94
184
12
106
175
85
164
160
156
63
100
60
206
146
159
145
198
92
139
162
150
59
105
25
194
74
186
117
102
50
83
56
99
3
138
168
121
134
204
98
77
101
75
187
163
192
88
17
69
161
174
31
108
217
217
0
